319
483
332
939
760
110
448
302
876
527
695
834
452
673
284
252
879
179
787
534
4
361
893
255
760
853
118
677
59
181
228
378
355
560
6
805
361
144
106
236
672
802
760
123
164
43
375
733
914
161
958
608
213
850
863
973
392
982
649
451
853
567
519
207
127
525
11
178
670
809
414
341
300
864
154
464
598
529
887
511
381
844
118
594
383
672
256
775
653
595
916
505
161
434
403
979
650
414
156
9
222
260
40
522
124
194
676
412
413
563
923
794
96
731
77
480
402
23
945
745
618
861
941
470
985
343
448
324
757
295
333
670
555
373
191
369
257
558
781
361
811
393
845
907
815
613
76
216
636
21
652
945
572
592
414
246
935
552
571
381
847
904
50
92
968
933
461
915
490
933
275
991
15
811
897
830
423
974
737
58
685
388
2
947
980
416
192
604
969
453
675
505
357
416
597
14
348
58
619
528
681
895
518
696
395
104
216
818
77
643
876
452
30
569
88
700
985
972
994
643
424
668
148
471
83
745
485
121
493
795
339
173
379
857
560
774
962
466
591
729
108
466
872
829
725
650
218
710
621
211
42
45
569
881
206
343
626
382
464
809
176
804
673
555
350
923
328
1
388
919
421
186
74
983
705
800
632
613
199
253
514
241
989
82
122
194
425
438
576
580
246
752
73
609
997
113
531
324
115
609
933
226
485
698
208
189
497
840
492
386
783
5
627
771
88
439
656
203
567
231
473
504
674
546
112
360
660
644
685
465
252
307
691
738
4
899
617
501
428
109
887
211
114
204
982
893
333
327
787
591
559
950
94
923
496
206
282
846
540
657
0
483
965
691
220
969
279
527
160
707
326
737
608
131
631
280
23
655
607
500
245
856
450
339
778
636
235
751
171
776
407
171
258
61
552
168
721
831
695
881
227
712
617
836
843
939
806
556
593
412
56
838
268
196
176
736
832
411
176
2
877
584
864
134
335
415
302
55
936
688
626
162
399
243
688
932
872
493
487
464
906
233
301
864
429
167
599
260
268
776
953
145
49
816
279
74
230
272
130
165
650
756
18
739
689
706
670
560
890
156
23
485
390
14
348
819
181
637
770
450
412
722
595
151
228
564
226
458
836
46
314
175
492
22
914
181
728
583
431
307
740
145
792
820
159
139
328
31
777
97
481
879
510
766
30
428
329
947
576
856
993
890
30
484
912
945
355
330
527
477
637
957
622
429
466
471
258
795
502
34
582
673
914
782
438
634
209
458
580
786
313
262
365
33
436
968
668
482
988
886
959
624
532
270
743
999
431
692
483
624
726
755
987
329
537
115
653
436
573
923
912
576
875
277
299
311
935
968
483
922
853
441
235
384
401
979
382
522
360
555
836
85
310
823
105
847
938
448
973
510
371
885
776
245
852
74
246
476
41
729
397
584
860
632
969
951
300
40
163
660
596
999
436
596
821
231
442
448
679
104
648
740
679
423
676
530
188
612
696
229
341
92
814
891
415
472
532
405
202
695
756
488
693
191
83
204
112
215
652
481
320
991
912
999
413
277
219
601
889
915
521
920
698
24
501
112
186
32
517
388
727
272
877
109
153
960
3
956
175
656
127
185
646
38
183
749
315
92
40
894
7
561
814
705
275
314
507
461
346
714
849
763
677
415
872
520
375
876
476
240
221
603
425
557
331
608
996
336
391
35
229
398
286
42
793
561
46
299
21
82
703
561
845
379
976
407
900
40
973
65
280
884
358
395
440
689
3
435
715
394
161
944
482
447
677
965
8
413
954
720
496
656
971
340
35
637
437
625
677
409
690
648
292
47
42
422
426
736
548
831
820
709
774
301
155
140
956
854
554
909
264
740
565
925
79
290
561
207
915
929
616
294
576
599
31
308
711
147
44
258
978
864
657
441
856
503
582
811
356
826
410
310
565
975
235
334
955
796
541
869
724
848
162
990
136
884
298
847
30
342
105
7
896
762
448
441
264
720
943
311
235
352
311
800
16
546
825
971
32
365
839
756
903
691
436
38
574
734
886
294
766
681
301
661
132
439
793
87
159
735
88
394
777
399
885
793
946
709
763
978
764
601
423
357
982
859
395
245
282
971
539
47
341
530
399
474
969
191
561
127
616
649
212
392
738
96
184
683
495
947
350
949
237
464
305
909
322
701
844
605
361
382
342
703
912
741
176
880
622
427
698
928
766
910
319
503
5
193
877
190
830
226
138
66
690
444
665
703
835
508
998
195
580
339
588
491
771
454
61
392
881
759
320
336
358
329
530
53
523
406
