8387
7202
4862
3783
3675
8414
9620
5638
479
7859
272
5193
4172
2584
9584
8494
3031
8278
402
5049
4264
9813
3685
6118
9303
9080
878
7146
9154
1759
7358
8619
40
2219
2402
4794
1711
3100
1510
2190
958
1782
8462
6209
5445
8045
5781
8476
6322
6184
3524
586
5996
8288
6704
5298
8446
8661
3522
8679
1499
879
7297
1539
3098
777
7412
4810
3878
8922
8079
5915
1782
6541
3203
8307
5664
8984
6782
1986
5167
1385
3651
1163
751
1433
7540
9198
93
1062
8955
1592
1941
6251
4210
6119
7029
2700
2007
906
2700
85
7900
4483
7705
1102
3868
3369
86
1728
6434
5253
3113
84
7495
4944
1517
6114
5220
2689
7176
4174
5361
9117
424
649
6314
8532
3350
8321
516
7129
9486
8417
2690
7190
597
6558
1637
683
8287
8071
7016
2478
9234
5589
7422
1829
1702
2641
5598
8878
6815
958
9074
8319
1607
5387
7929
6036
4787
9525
4244
4272
7941
6934
2540
8538
3492
5257
300
1778
3327
8395
4256
3640
3983
1678
5469
5686
5398
1066
4563
2213
3103
4715
1610
5790
102
9539
2904
5968
9063
7148
239
8082
4082
3858
7699
7574
9115
7999
430
3521
6393
4686
7161
1454
7443
3708
7140
2841
4775
2782
6133
8957
7497
7743
4746
8678
8360
7651
4645
7423
4798
5963
5504
9959
9822
4281
7532
8936
3358
7962
2456
829
3727
695
2284
2248
4404
9424
6168
257
2205
2300
9214
9703
1121
3960
8380
9482
2689
4104
6904
8566
66
3486
8525
9888
7768
6056
9903
2204
5097
3437
3034
9903
4133
5318
2150
8537
5820
9398
8794
9105
1697
8007
8807
2819
3045
8265
2300
5734
3447
282
4300
3514
3768
2824
4480
2614
9959
5461
4819
6134
8899
8932
6036
3031
5328
9266
2646
1147
8663
2518
251
1438
1603
136
4257
4649
9481
7636
1461
4006
7918
6840
8599
2765
9664
3079
6458
701
8540
1276
6835
8517
1286
3950
2626
6614
4294
5272
8841
4035
8869
170
5473
472
1386
809
6200
1945
8445
7661
5951
7442
4501
4550
206
5243
8708
6664
7023
8326
9020
4937
6843
1384
8887
9469
7999
4259
5820
7918
9373
4688
8088
5924
5160
552
6733
2438
2497
6257
99
9528
4777
5679
5156
6062
2000
3863
2725
9024
2188
2823
3960
9031
4208
3925
9579
3285
8184
5398
2281
7556
85
368
4558
6325
2000
1291
8763
5576
8627
9941
5103
3403
6698
1337
9465
8699
5200
3268
7722
8468
7171
1681
8577
1378
5606
8155
5742
4868
4631
8023
3502
5796
9470
8060
2120
1469
9351
1961
7046
9056
2981
3227
3537
9679
4565
4080
8377
843
7349
7177
9311
4519
8858
8967
6976
5542
7121
2717
409
1752
739
3911
7548
208
3050
746
2757
3479
3786
881
2535
6767
5187
6072
7525
830
1231
6980
1674
8580
4157
2063
4177
4093
1029
1152
9636
9230
4948
1123
981
5687
6114
9608
6974
9164
1432
809
2642
5218
2769
6256
3064
7957
2328
1667
9866
3559
8647
1539
3217
3882
4682
7394
7976
6790
9625
8690
6019
4572
9813
8079
1337
7005
8765
9390
6168
196
199
8811
5415
4047
5066
9558
2003
8473
1224
1869
3110
9871
4487
7406
4832
247
5878
3886
7038
5502
2575
4135
1152
3466
3293
3568
471
2057
2958
7718
2254
4236
6528
8748
8283
2673
8305
1365
2224
9529
4313
6414
477
8800
3819
5309
126
776
9195
7164
7357
2848
2377
8510
6315
5670
2077
7865
8807
6114
5582
1060
349
3189
886
9712
6941
9191
1076
9165
8719
5389
6657
274
5267
1555
5584
5393
2331
5857
3635
9688
8706
6013
9276
6099
2761
2432
3963
2646
8546
9545
3706
9975
3812
4592
9686
752
4861
1840
996
4658
7229
7653
4933
2495
9208
1595
8968
2617
8531
2602
3384
7236
9694
2659
4413
3534
6170
8376
6180
4716
9000
965
4690
2811
6636
5454
4643
1497
7294
5639
6155
4522
3291
2166
8096
3578
3761
8142
6195
2292
744
657
606
1516
4396
5020
5050
565
4474
2309
5281
4552
3274
1049
7364
9910
6503
2006
2485
3796
7645
9720
9397
2014
1885
8572
6671
6726
6713
3945
96
8536
4602
1781
1131
8998
7880
7260
9564
2354
9569
5923
6906
3921
6973
5348
4910
3475
8433
7395
8351
7156
8193
8826
9171
78
8476
5841
7883
6268
9786
9058
5882
5467
1917
7013
4464
9798
4273
5106
3230
4920
1029
1214
8842
8002
6563
3751
2555
6074
2224
1984
3230
417
810
3479
1574
364
398
535
6632
1263
9593
3593
6730
1509
605
2272
2385
5957
7379
5615
1956
8408
6830
1876
6409
4471
5627
8964
1623
8930
2027
4853
425
3916
9411
1999
4280
9810
3613
1991
1072
4284
5584
8881
6873
7268
1152
9258
3225
8531
5952
6260
6938
3860
8136
4425
8331
4841
4468
9954
3770
6495
5886
4196
410
5296
7274
4690
6184
1966
6681
7256
6250
3343
6136
3122
611
8368
3459
4915
6898
9411
1174
4915
3270
9310
9340
2679
4150
3807
3711
7920
301
675
3194
711
5972
1547
6481
2155
3513
4240
490
841
7584
7705
3964
9274
6072
7423
4188
4049
7912
5362
8964
1181
4671
8303
4939
8821
3189
8650
7819
3490
9326
2092
5281
6376
4718
2840
9610
9310
8159
99
150
5742
8884
5193
6094
4955
3694
281
82
1605
5643
9046
2786
313
8428
7725
212
1616
7454
9111
6185
7858
2281
2544
4233
6999
6463
3842
7387
4622
5021
7537
1442
3904
3809
7537
9938
7503
7818
20
9109
3461
144
1894
4853
8572
698
6145
1266
9231
6334
8531
7088
8615
2153
1320
6692
8617
6241
4078
3238
2340
2693
5759
6244
6502
3295
7261
4005
2192
8360
3113
6732
8504
6086
2663
8155
6784
8808
499
7093
5141
9030
4180
4834
2262
6579
1525
878
3899
5603
5195
6239
8297
953
3562
4798
5328
822
9882
7520
9182
2994
5330
8764
9081
7993
6918
6943
7880
7418
4036
4099
7526
9295
8934
9788
5874
458
1744
9773
7141
6939
6011
6516
8972
651
1313
5378
1473
2274
3976
1733
5268
9306
1576
5427
7298
8494
3449
5177
6990
8564
9277
5595
7858
8210
5382
4810
9747
7127
4582
7966
5144
1672
4481
5194
2323
6874
571
4876
9148
4547
7688
5494
3852
9264
921
1150
8837
5449
6327
6905
4012
6682
2499
2948
5970
8961
8838
5717
6087
3419
3682
2309
6170
8164
7504
9573
5037
8075
4448
5263
3701
3214
756
7553
2478
2756
9782
2393
8205
7188
9298
3295
3869
2876
7323
9840
1836
6160
6635
9002
657
316
1310
6828
9559
9893
6400
5674
7968
1926
2015
1668
5140
2772
299
8697
5528
81
2168
3733
7269
2545
8107
1137
5421
5429
2055
7257
2667
8690
6258
3325
85
8647
1231
722
8540
7631
7476
7586
635
9491
332
6854
2262
631
6630
8870
712
8798
3681
9060
1342
1787
197
7842
8296
3331
6177
962
2021
3513
5366
3185
2160
6597
3907
1778
5306
2461
9364
5941
1952
9696
3874
5293
326
503
4162
2118
379
8922
1177
2801
1788
2453
642
83
5785
6820
2124
8885
332
8570
3148
2492
5166
7055
4270
472
595
4712
7492
2547
4407
2444
8919
5813
2947
4160
9010
4406
3081
186
7207
4869
3719
7849
6031
582
4668
9235
9467
6080
7804
2614
9651
2969
747
5000
4520
1342
9712
3091
4968
5198
6614
3887
1010
640
9126
1098
5046
2206
1284
2252
8155
6082
100
5264
6664
5848
4498
6130
3006
2301
9823
2656
6350
1649
7656
1948
2991
8447
6118
9039
3644
2732
4004
5733
3372
3129
6831
8418
6414
9194
1748
4568
6355
1848
9833
3018
8775
5409
227
1780
8790
1128
4437
6218
2777
3171
9245
5769
2696
5363
5886
7419
9174
9890
3151
3624
3018
1060
3120
9432
1333
4868
5079
8767
7795
5990
1784
7649
1398
3090
9429
187
4219
4944
7484
6996
9195
6729
3843
1890
2091
9729
9310
2343
9618
3539
7046
2635
5679
165
3146
8091
6112
8225
6857
3906
4214
8641
1554
6691
1731
2062
6879
5950
7006
5441
4024
7279
2169
7868
9170
5339
7596
9558
7682
7214
3096
4727
927
9854
5971
4073
7944
2082
3376
4800
5989
7590
4520
8622
4281
7330
683
2238
4358
8769
7679
8382
6047
9849
6249
6295
6266
3845
5852
3948
2137
27
9754
3064
9881
5725
8217
8904
7807
1592
3703
4874
261
9302
4575
4542
6631
6337
7859
2067
5105
6616
449
2231
7543
7777
8526
3809
2700
5457
8836
4837
5484
8589
7902
6443
5392
6118
5346
4278
8789
128
9152
9050
9430
4805
4670
7140
1142
2528
285
7326
223
734
9557
7766
9591
9162
1574
2290
4618
409
7128
1180
77
6108
8702
5469
2225
4048
9747
2092
4176
9978
1142
4684
4782
5812
2902
7003
9420
3188
4329
9643
5001
4964
7408
4591
5204
61
6882
900
1549
5088
3159
1626
1195
1861
7096
4499
5909
6842
6591
1163
7898
7733
5847
3759
3545
8750
761
4043
1937
6169
3685
8017
2212
2171
2608
7416
2232
9490
8317
4861
4577
2554
6487
6851
4415
3582
1349
323
1503
7940
2565
479
5673
8413
4238
296
8241
5000
4339
1256
2247
9103
9273
4459
1273
1880
1875
4585
2448
1270
9446
8104
3824
7011
4954
9319
1672
6303
9642
3175
4243
2207
4733
994
1698
8972
1290
1017
3971
6708
2273
6218
6889
2624
1756
8162
5584
4710
3825
8032
7059
4349
7215
1961
2439
3247
1279
4111
9551
2000
8365
4872
5286
3097
6945
8063
2068
8235
9080
7118
6021
2431
4415
2909
5055
6171
2149
638
880
7054
9750
7939
2481
6964
978
4920
1289
2258
9031
1918
4258
7395
6790
622
1571
3734
8685
3639
3047
7764
757
146
194
5172
3055
5249
2421
6284
6967
4380
3337
6716
2318
5818
4758
4375
1817
7126
6633
847
9045
1969
9322
5834
2591
892
647
1275
5610
4773
117
6367
4920
311
2617
9054
6640
6117
5337
4685
496
9753
1400
3893
6650
7237
8269
8467
4362
4901
9314
3406
7950
9714
319
1619
605
2045
3974
7295
6818
4091
3661
1737
4403
7358
1870
2121
3474
7207
6806
3971
6960
9285
7864
3609
7600
7211
3154
3040
3191
3546
7526
1140
3260
8924
2759
4944
968
6733
2238
7786
1903
6979
602
7385
5415
2472
9506
8889
757
7390
3938
8796
7753
2881
3483
5352
91
6637
8392
4361
183
6996
5501
4522
5919
9340
9466
6887
7151
1704
5752
9054
9762
7433
6438
5176
983
7022
4064
1740
5490
9082
1615
3242
3041
5098
8594
4211
2814
8065
8573
2997
5060
5152
7519
2058
5570
8063
8945
2721
9767
5775
2853
606
3207
370
5782
4190
7392
925
7010
3961
6
8625
7203
4126
4801
5797
8337
7615
4940
7988
1690
1078
3140
287
3136
8710
8351
3160
2509
9196
8935
6442
9803
3221
6812
5584
8490
5282
6509
5499
9243
7594
5202
6446
1719
3
3321
1135
7618
9340
9123
9309
417
3341
674
4633
3130
9025
7793
6718
8221
7806
3159
9102
2105
9971
4685
595
6332
2273
7173
5574
9867
2375
3098
2665
2378
7498
4879
1074
6837
4001
382
8334
8422
1057
2966
1551
1160
1837
9348
459
9643
2507
9561
1748
2477
4246
3422
9888
7598
594
5462
8543
2969
9639
1207
5347
7137
7165
6422
3973
2245
7883
2306
666
18
6351
3296
1179
8188
2643
2717
8910
5150
2278
657
8707
7603
5158
9673
5200
5752
5134
4821
9801
5852
6029
5147
2988
4272
2647
8040
6517
1609
1425
7183
2706
7776
1557
4964
5964
4201
7682
5952
429
9960
7688
214
8641
2845
9888
3840
8597
6100
8661
8397
1951
5768
4623
6018
40
8349
5137
7636
1036
6562
4819
3743
5416
7455
9786
2458
2734
7467
8410
3164
8505
6097
4457
7145
8942
5423
2063
8618
1523
1803
8093
4553
8650
3794
1650
8690
3222
6787
7405
5337
4427
3302
9080
921
756
8866
3380
3491
7411
2868
7734
5916
44
2190
3060
64
7614
6203
8682
215
8006
7854
5847
6655
2726
7497
6424
7027
5362
3828
2364
867
7130
2522
1789
7886
1387
6248
1376
9878
194
9110
5793
238
2379
9932
303
1071
7213
63
1286
5218
7917
7133
1873
1722
5709
9376
8749
2149
3203
1112
4096
1411
3635
6964
9297
6101
3211
1752
7057
4484
1940
2849
4723
4319
3860
5026
5390
1072
6168
7755
7370
5164
5967
321
6886
2754
9697
6713
5982
3978
8905
77
5389
3618
7041
5764
9719
1330
8595
6776
5815
535
703
1616
5933
5642
7721
2402
7794
3888
1235
6242
9052
7202
6563
7016
1034
7338
3729
7017
1315
3712
8173
6704
7330
5214
3546
8127
7623
2141
5981
4516
3755
6685
6132
766
3405
3852
4247
2277
8820
5483
8519
8950
3763
6160
5966
5877
3497
773
2893
4812
4485
1065
2594
1814
7358
7220
9941
4981
9361
7001
9497
4194
3685
6708
4960
8169
559
286
1525
457
5769
43
9408
610
6204
6452
6487
779
7225
458
5592
2788
2603
9265
4602
9961
6484
5621
6020
6923
2621
5517
1116
7385
3303
7156
6633
4941
8521
8158
5399
4289
9280
4806
5978
5483
1257
3544
7342
9561
4002
2933
2348
7684
3276
8029
7645
9761
4728
3664
7762
7350
259
9958
5813
3562
8192
3524
9583
6712
1681
4981
2079
961
865
8057
7523
3201
2679
4864
2761
6682
8876
5109
4365
2152
4216
3088
2991
8944
7832
1831
7372
9170
1788
3185
3811
9980
6709
3393
7770
9470
8374
9849
1509
9239
7906
9032
2439
1663
4975
6279
8345
4929
2466
3789
7081
6682
7956
1150
5625
6866
4061
2997
6036
5849
7261
9847
6908
5048
4318
4677
4517
2691
4526
6026
3008
3510
6137
6526
5173
2190
3883
4597
7119
6349
9465
5279
3030
8499
7508
8655
5365
1568
2730
1400
7418
9991
2325
5404
5039
6643
80
634
412
5685
7740
4499
273
4955
1024
6526
7145
4907
2201
4263
2334
1665
620
5364
1242
8129
5097
6607
9697
7828
9086
8193
8897
2489
4675
3935
9132
5835
5649
622
1519
3388
5121
2872
8343
7224
9398
5487
2130
1598
828
5543
4342
1449
906
5584
656
6004
3270
1431
4910
2355
9625
3806
4845
4299
8821
5055
133
4469
5678
2732
7857
798
5604
7278
8023
5001
2764
1231
7678
4671
6775
2019
6120
8760
8682
7855
5842
1951
9287
751
4307
8911
5637
230
4288
4457
5285
5501
8926
2041
9312
7861
3919
4915
5138
1941
994
7902
4251
9751
3651
2104
1769
850
1943
450
8705
7785
3481
7991
9616
8867
7980
5252
9097
3347
9709
5460
8848
9713
7502
8159
7573
1420
4152
2710
4440
5146
1690
9770
5975
5341
2953
7744
6191
4896
9273
4896
3759
3832
3965
3374
2698
1945
8626
1794
5292
9413
8334
4139
9125
5835
3376
6697
8334
7528
485
2773
3752
2175
2542
9727
7517
6574
8549
4786
1469
8900
760
5229
2732
4726
8603
5430
6671
8308
8304
1962
7720
6637
7180
6845
3550
1634
4620
1883
240
5106
5735
5071
7281
8277
5876
5876
5930
4424
1741
7399
4402
2501
2627
8213
7227
2309
3643
4976
1695
3025
8017
9415
740
6275
7338
4290
7909
1958
7252
8149
7064
2986
3219
5423
2341
173
2378
8271
5676
4119
5670
78
6620
9376
8291
4926
2763
3012
9902
4458
7116
7919
4952
7856
4193
2289
3224
3181
4247
475
2408
2389
4540
5628
7813
6882
6880
190
5152
2556
5388
1900
2634
2007
2355
2003
8012
6197
6095
7914
1734
3210
6911
6686
2145
2182
8975
5369
6442
4301
6924
8851
6690
1463
5557
5581
9424
2436
6850
5655
4992
2237
8634
8705
4245
988
708
3335
8265
6803
2327
9999
1091
9238
6684
3236
2499
6737
8606
19
1037
6608
8870
8807
8071
4426
4387
7495
6863
1237
4228
2933
4553
2861
1638
9877
3850
3425
3212
3193
1306
5539
3191
2397
5856
9875
5634
9434
6611
5318
9453
8728
1925
8323
7534
1074
2748
1920
9648
689
4236
3875
3623
8790
6737
6340
8666
1665
9765
1877
4858
1070
8496
8049
4546
4351
9002
179
3784
6691
5497
3236
5418
8501
1558
4030
9576
5386
7030
9223
6075
1265
3098
776
1133
9835
8195
878
2578
7959
3834
7436
107
2329
6563
4654
7759
6643
5912
1542
3333
1409
4779
9831
988
7416
3860
563
3880
889
9787
1034
3234
3963
2889
5446
4876
1084
6324
7454
9043
158
5968
229
3566
2530
4883
1325
9173
794
2867
3584
3282
8725
3414
4271
7220
8354
5913
1099
9243
6778
3212
3555
740
6102
9002
5616
7186
5325
4148
7307
6562
115
7536
1207
3724
3497
2532
3975
5371
6478
7560
8653
6282
2052
4002
4580
1484
9916
5679
1806
6693
9971
5361
8513
6072
4362
5207
3257
766
9356
563
8407
549
8100
9614
4274
2675
3224
8249
8046
9703
6887
6699
7063
18
1779
1642
1502
1694
8400
3308
9467
8370
8670
7979
4441
4110
3185
7698
5955
3619
9341
5441
4169
8519
6133
8443
1193
9358
7770
9240
138
4657
7017
7201
5754
8796
8843
7256
1569
7242
564
2114
6691
312
1171
1131
5501
5435
9909
2535
9055
327
7976
3223
8846
4108
2744
1117
3465
513
356
3603
6249
8452
1882
2002
8327
724
9259
9896
9046
901
3088
6815
2292
4259
9025
7793
9694
8933
1406
8748
338
9382
3049
262
4569
5793
1380
8034
6307
2815
2716
3634
1267
5677
5637
9594
6402
5974
567
6526
7954
3655
4419
1324
7914
3443
9117
8686
2376
1602
7434
3793
983
482
4056
5552
7355
5436
4665
4740
9330
8460
8374
596
4136
5089
1268
1616
2141
2914
9221
1173
6569
3639
2497
5561
7083
2693
4247
537
4295
2759
4330
6357
4320
9465
1909
1674
4900
7653
6414
4230
7191
5867
5905
1326
955
8253
4022
3097
1166
3242
5349
8815
7961
7847
5454
5043
539
779
6659
4834
3538
988
1190
8938
1532
4178
611
6432
2909
8105
1740
99
3971
8725
2505
4926
6977
6527
9102
9222
9769
4451
9115
8808
3376
4569
3850
3915
5348
1587
9828
9966
3655
2096
8903
5187
6275
592
2697
9184
8697
4438
362
2667
4241
2867
8673
2296
9394
7774
1517
240
3303
632
9049
6679
6280
3977
1672
1627
5565
1499
1592
9220
3596
1573
4406
949
2166
7103
1211
862
2619
1573
3530
6860
4440
2202
234
4912
1054
1752
6232
5437
3463
5280
2115
9743
335
4867
2448
6979
6366
4041
6198
1040
6693
1682
1989
8859
9865
3201
9722
3562
5853
4330
1501
293
7611
1735
6284
9744
4566
2515
5180
8029
8874
8375
8850
288
3241
1298
7267
9607
6418
4544
647
3110
6226
3715
3048
7169
6916
2769
731
2769
8178
2232
4141
5788
5046
1503
5531
9613
4019
711
8720
3971
164
7570
4259
3405
9947
2605
4090
6364
7149
5816
552
4453
9532
3600
1622
7526
7448
3432
1373
5625
6743
5514
2491
1788
8097
9102
1400
3194
891
1199
7165
1055
8769
2503
4460
9794
5108
9629
7236
2256
5445
7788
6709
6055
2467
9410
3580
993
3920
4954
7698
662
1546
188
2451
9643
9290
4930
3915
180
6129
1080
2314
5976
4662
7853
5769
9770
7482
3004
3104
4005
1871
891
1138
5417
1380
5797
6410
5300
1829
5186
5963
4455
6454
9493
5176
6822
4422
9092
8082
1630
171
395
7606
5912
8249
3375
5681
6809
7458
9864
1892
407
754
3030
5824
2134
8827
3313
7435
656
8499
4476
5111
4952
3968
286
1774
8390
456
9856
19
1706
250
8705
7618
9578
3158
4377
6386
615
4240
8278
2102
6074
2386
7926
9287
2292
1238
6721
2948
816
2275
9138
5768
6243
502
7542
5712
959
8476
5731
2665
9806
5514
1362
9383
8672
5739
6848
366
9980
5125
2468
6053
8591
1472
5339
882
2711
3139
4909
3527
5414
5125
373
2736
5627
8995
8448
7665
7470
5257
1409
7275
771
2771
6658
521
9589
4584
887
9568
787
4434
6699
9378
5907
3117
259
9697
7335
5168
4302
3827
1371
4675
6563
8078
3669
5010
5742
2218
1346
8230
9493
2117
2079
7229
2638
1668
1812
4605
2314
2600
117
92
3056
7103
4288
3316
6799
1622
9563
1100
6528
934
6855
4170
9012
523
258
5832
3820
1604
5141
3313
3721
8299
1620
7439
1045
3433
3122
3360
7112
3239
4531
167
342
8819
4562
8220
1519
5204
399
8047
7217
7254
3295
7307
8856
3554
3138
2676
5158
9358
7068
9959
7657
8688
7397
8702
3199
1597
3140
1389
4836
7671
2636
6257
7568
8277
5556
9087
3480
5955
8213
696
4287
1507
9082
4221
5061
3299
6897
219
2656
5043
177
1391
3731
8653
93
8009
249
4312
9399
6164
1983
2034
3500
9551
310
9056
9717
4870
6089
7929
6645
375
514
5727
4596
5576
9026
2572
6874
2760
7615
8130
4152
2424
6782
5324
433
8110
9636
910
5352
2697
4023
8852
3327
5412
8986
3043
281
5074
2050
6927
6528
2564
3732
2203
9219
3836
4775
6092
6596
3468
4221
1826
6972
2081
8229
7405
190
7865
9394
6622
1640
3416
5473
4967
8828
4459
9089
9110
611
1138
7115
8219
3703
1925
421
2921
6840
6275
92
3435
821
4313
6341
7793
7474
4569
6276
8743
3512
5669
5364
5153
9085
837
1198
8992
6375
287
9180
8065
2504
7373
6283
6207
9298
7783
207
6137
4057
1378
650
4879
5691
8070
3750
4243
3718
26
2986
7230
5695
8350
3461
5859
265
5739
4850
7719
6026
5108
6863
8530
2480
3145
5816
1777
928
7102
8993
6064
8480
721
2021
5249
8792
5772
571
2509
5798
3557
9739
1492
2985
4279
8430
4330
17
4358
2048
7122
9466
8911
6730
1945
3135
3624
4801
5142
1804
3793
1205
1362
4515
3227
7691
3306
8999
8262
6894
5875
2897
7711
8446
5882
1989
6876
211
3085
1233
3339
1285
1778
2249
9095
3723
6463
2718
8525
1604
5602
3396
2810
6964
7911
7116
4654
2295
7193
3994
9189
3067
6891
7979
1512
2773
9968
9467
4063
4132
1779
7402
5417
3557
730
4511
7280
7193
8309
6883
9877
3910
279
3765
1952
9269
880
7686
2643
9152
1679
1831
2218
8571
9810
4809
2422
856
4276
6485
6067
6055
4966
2562
9612
5696
8153
7970
3967
7540
4853
3843
1449
6211
7608
4480
5479
9567
2165
8122
8718
3845
1032
2014
3494
1920
6824
5916
3855
1099
3479
9922
7154
8445
3563
7844
5219
1715
5813
9187
9255
1744
4108
1782
7955
2795
6262
4513
2361
9507
3713
2158
3351
4745
4172
7924
7745
995
3839
1599
3173
7318
2600
1405
6842
7242
9249
2060
8957
6141
1246
9290
8964
6434
1071
7998
9229
8412
3589
2668
7918
7302
4826
2347
3126
77
270
870
1072
5188
3548
5325
3585
7227
6730
426
4468
7058
2486
4503
3198
4812
3792
3240
1245
4863
2316
473
4354
5905
4220
2271
3207
9047
5698
6333
9124
7047
8282
1274
2235
2908
6599
6899
135
3329
7325
5682
386
889
185
4663
5701
5056
8982
8025
998
1298
9577
5352
7203
3797
8702
1488
2843
4399
7821
3045
1446
7181
5398
4760
89
1997
1658
1303
6405
61
8064
7870
950
9328
3611
7731
4384
2592
5755
5382
3890
5332
733
2172
9129
513
3660
3050
4913
2560
7174
7438
819
2571
2197
908
5647
4934
3290
2051
4995
2433
9921
7024
1760
4610
4754
6144
7203
509
2604
2171
6920
3337
5422
6048
4930
9083
176
9843
2721
7350
8359
3540
999
1634
5528
6647
6568
8818
8698
2641
2329
9698
9665
4090
4307
5498
233
2588
6007
2838
5839
4005
7254
1260
1131
3262
1421
1307
3104
4142
9736
2541
7683
734
4175
4289
7381
1821
3106
7158
5541
5436
7934
5206
604
3319
703
1916
6987
7789
5833
2825
1793
4166
5164
2924
7428
6586
5310
532
727
5045
4152
9489
6858
8328
3777
5318
1227
7963
3554
6769
4477
2566
3053
5081
5885
4835
6997
3950
2623
3909
7854
5495
8075
3018
9498
5502
9604
5886
7113
1409
2009
1265
898
8867
671
5754
5263
1898
3716
8817
8667
9272
1382
2798
5431
8347
7633
2428
3375
1334
7416
1229
6829
5490
4247
7405
991
3850
3290
8105
6338
5299
9370
7236
5245
1119
4069
507
3017
8864
9325
2763
8136
1785
5561
3566
1210
3194
7073
4586
4528
4488
5815
2436
9978
1140
9841
969
6069
4210
152
2406
9509
9522
721
4753
640
4790
5261
4736
3653
5664
8578
1788
8528
4139
6434
9739
8412
3506
5403
4018
7995
2296
6454
9051
3436
7374
19
9505
2662
171
1910
2170
771
3710
8003
2490
8500
4342
8306
3232
1084
6883
5020
9612
2100
2532
428
511
6039
5831
4530
5112
8127
2062
4162
1562
514
5261
2145
3176
5432
5135
6426
7283
8845
5507
851
7345
9849
235
576
932
7119
6675
543
9219
9208
972
809
6325
7882
6418
1436
6009
9559
5598
8650
1152
858
795
5407
7370
5930
1832
5731
5853
8418
7661
3197
8266
7897
4852
276
5015
1527
1899
5312
1813
3950
6121
8138
1831
3617
652
8919
3176
6250
7569
4328
8188
9443
9735
6636
6451
2646
2366
2303
1063
1105
6580
9330
9002
1431
684
5095
4037
2583
1486
6929
6533
7607
6145
9444
1224
6797
8362
5479
3047
7009
9807
2313
7530
9541
8949
5059
3265
2393
8442
4329
3498
5021
4737
3579
7531
5421
8674
2647
9084
159
9576
6695
8846
6800
6138
1148
3596
5579
6627
6643
3666
7512
34
2275
8131
61
7334
1396
2454
5775
6804
7032
1874
1540
610
484
8040
362
4210
7123
1601
4864
4897
446
1663
1034
2673
5260
7692
378
2981
2437
7890
3016
4712
7099
3077
2045
8495
6611
8900
5298
3642
1852
7917
5331
2336
5957
5693
6546
4158
7294
1410
9055
8819
3073
1168
1491
9412
8860
1869
2393
2375
837
5409
7087
7937
9565
9133
7510
6175
9111
3887
895
962
1803
6226
4378
8839
1919
923
2997
291
3412
3130
9111
7565
4298
601
6976
4237
3550
9369
6612
5466
5856
3699
4481
6500
3910
1991
3753
3020
6957
4649
5061
8760
874
9439
8678
3872
1441
1674
4164
5932
4804
3274
3496
181
4954
472
4418
9583
919
1029
5049
7855
5807
608
4354
9717
2599
9186
3815
9556
3834
9956
9395
5788
9394
8072
9660
1913
824
3823
7846
6707
8176
1341
6888
3130
2892
2384
3791
4891
4493
8840
3824
299
9449
9257
1095
3126
8442
5989
3761
2276
5944
3155
9143
5338
2305
8802
8330
3129
2625
6175
914
1879
8596
8882
5009
2566
1265
8801
7457
5758
8719
1280
7137
9246
536
8232
3451
57
4220
7212
3412
164
1445
2554
6581
3750
1355
4910
7958
5059
2164
9951
6939
759
8832
3026
3325
97
2905
1861
6934
2703
3141
4070
1948
4757
3380
5399
5893
8680
3689
9305
9923
5134
1858
6503
9963
3213
2491
8999
9352
4655
8950
6290
6493
8860
394
9819
35
3300
2758
6970
6003
6978
2118
9030
1734
6578
5508
7627
5257
9197
8010
5179
5410
9868
2760
6451
4160
5251
5450
3511
985
5478
879
7478
4337
1273
8375
4373
5652
1132
2421
1654
8111
4539
1763
923
2195
7271
9630
7452
7546
7639
3709
4034
8586
6469
485
2745
2799
7014
6256
4863
2491
7135
3419
7907
9487
2873
2279
5139
4005
4700
7872
3194
318
713
5197
2513
9063
5905
1044
6609
4622
4753
1721
3207
2301
3285
7031
5100
298
3286
1041
3868
1499
4460
1775
2065
7333
4054
8283
2417
9834
7233
6690
151
7947
2965
3743
7009
8870
4787
4696
4571
9541
6418
8857
2920
781
5888
9099
1080
252
139
4948
2831
4599
7802
4896
1932
2935
4257
5428
2768
1489
2117
3998
9436
5083
7741
6445
5031
2528
2219
9602
3147
9716
8459
6067
497
4346
5165
2656
4598
5304
7604
8508
981
6485
4482
3992
9420
8739
9420
2187
228
1537
6185
9664
7699
5004
7187
2729
7532
485
2331
678
200
789
7824
697
6214
4067
3353
1890
449
2036
398
1431
8521
4880
5423
9019
3619
4843
2284
4926
7459
8469
4589
5157
4551
2855
7886
2083
3340
1295
3840
3540
3163
2743
5317
9377
6810
9749
2346
7260
1784
3823
8691
1383
9782
5192
401
4479
1113
2685
9405
8572
2232
5073
4807
6784
7928
3772
9946
2346
5067
4864
5886
8231
7607
2281
8686
4417
2030
2110
1676
4893
5933
1445
7356
6794
6637
7757
1272
7751
1521
1756
7401
4832
6829
2208
2694
5835
5980
3718
8181
1046
8583
5145
355
7268
7427
120
1684
535
2230
4439
5428
9243
6963
3862
6036
3600
1619
8387
2429
4219
142
908
129
8050
3116
3903
3884
174
8700
3143
2300
7282
8289
2655
4550
6794
3854
7313
8408
6085
2831
4914
6406
9794
8777
2441
4472
1474
1906
6901
6772
2049
8889
7980
1177
2004
1882
6141
2179
582
9284
5558
8943
8651
9292
4571
6523
3146
2963
6009
309
5794
923
6715
6666
9700
9156
1138
2252
2140
9118
9024
5268
8006
7003
6446
1089
9965
2586
4347
546
2948
9905
567
2678
9196
6218
9201
2341
9181
5210
2650
6053
7212
9365
2718
7990
9599
3856
241
2818
4053
9265
8086
2058
7346
5610
4226
7310
9275
8573
8935
2223
8477
9503
4901
8752
5720
5180
1092
5979
1468
4822
2031
9759
5265
4749
7748
5943
9685
7989
8761
3737
8332
7925
6874
5678
3535
1100
2987
2809
9673
1922
5032
9229
2503
1011
7980
8223
7271
150
5280
9818
6051
7311
9577
1316
2059
7324
8338
2822
6392
8177
6559
4723
6101
4512
400
9636
6691
3388
3524
6363
6389
9635
6670
8892
646
4649
8193
8996
5879
3472
9892
1929
782
9468
3245
3920
7871
2661
6743
4262
837
4380
8985
6939
8892
9386
7653
5582
3852
1176
3024
240
811
9694
9132
2536
5422
7324
1531
1300
795
1422
3229
1577
1969
7554
6576
9840
214
3318
5180
1052
7699
4164
9070
7669
4628
6722
3251
9559
8978
7354
9799
9789
8126
8
2324
4626
7332
4934
5926
9206
7435
234
1861
482
8867
8438
1400
9081
1755
6580
1211
532
1823
1359
8202
6451
8082
2531
6010
7059
9885
6887
7926
9089
6896
1328
3715
5306
7341
719
4512
4775
953
7452
6337
898
5889
7737
1058
8724
4317
2269
9256
6140
3629
8536
3669
2789
1066
757
926
2029
8724
8852
1118
5619
1258
4833
924
8599
6631
6515
4452
8664
3967
788
9562
934
8526
619
9658
3921
3968
9993
1139
8676
8528
5887
1464
9595
7724
3469
2702
6447
3399
3820
2065
4657
9732
4068
3255
6363
1662
7707
5026
6708
9575
5666
7642
9179
6286
8379
4178
1332
9450
5317
7
7977
2282
2550
8650
5
7098
1352
6452
496
6251
9596
5153
5983
4743
9487
3424
7484
8272
9529
4191
7846
5194
2911
7024
2558
2368
2280
3890
1817
7597
4976
873
958
7526
601
963
4623
3032
8495
6198
9284
9169
1350
5266
3911
1915
9769
1394
187
9297
6664
9112
4490
9576
7215
7049
3022
9495
2017
5919
7092
6994
6792
9129
4519
8472
1170
221
1504
9665
6419
787
8834
8849
7132
3823
763
6900
6297
2029
6196
2960
1141
685
3614
8356
8813
7716
7850
830
3634
6020
7824
425
5148
3421
8897
6319
4721
400
7062
1140
2266
6974
9989
9398
797
1830
6297
8173
3860
3571
2211
5001
5336
5826
3356
4148
3541
2284
6057
7175
8305
4959
8679
3452
8381
8654
849
3101
133
7912
5320
2399
4885
6387
2876
6761
8218
251
4933
3156
3823
7145
9236
237
4049
2591
4385
7590
4875
1521
5843
4258
6480
5600
7711
4860
4253
8560
9041
5465
7550
4360
8944
2435
1826
1819
9196
43
3149
5208
4278
8051
2352
3513
8288
6401
6104
3752
5069
2057
5273
1990
6316
1752
8669
5105
7692
4000
4743
7811
9466
2293
3249
8409
4728
5075
1306
5002
5118
4455
209
474
2506
3640
3987
1872
1119
90
5624
7267
3227
896
9257
621
3728
7925
5726
2498
1925
468
308
2469
2761
4636
1956
8568
9712
3262
3570
5908
8796
4858
6383
2380
9578
369
4253
696
1539
955
7964
4766
2931
8299
6466
6659
7303
2191
235
306
3738
1622
2775
7579
6258
4731
6146
5969
9072
794
2956
8946
6732
9339
2405
6309
9708
6658
8084
2325
8692
6047
8170
1622
5425
4635
9360
2727
7905
9595
3033
2722
1216
6887
300
8554
2696
7525
5601
2846
9399
8557
1791
7209
7895
4196
3517
8682
1932
1600
1006
624
8727
9177
2246
5230
4890
1606
7957
2795
2279
2068
5517
4575
8955
6896
3128
2729
4420
8729
5575
4897
8365
7366
2105
6259
2641
6701
6019
4573
9381
8105
5197
8107
7281
8523
3336
3249
1207
2371
6044
3486
4439
2639
9140
4472
9535
2267
8280
5034
2075
3854
1009
439
1219
3115
7777
4939
9816
4875
9513
9196
2979
5788
8381
1338
4310
2795
4587
6596
6245
631
82
683
4349
9222
6234
4963
2568
4513
1075
5722
9446
2084
7240
1744
5199
5016
6683
6094
9891
6195
6368
3948
3062
5828
5286
7372
8623
9874
5047
4868
1583
5129
6630
5932
5429
3943
1973
9076
9535
3048
4797
8981
5133
2036
724
1410
8132
7407
7504
8022
4681
4951
3049
7743
778
8335
6193
479
8208
1239
6426
9791
7447
4135
6802
2876
8078
8775
3030
8691
1823
7828
7671
8035
9864
9474
9445
7995
7960
6949
7096
2640
2978
144
1461
3756
8479
7654
5314
7766
9973
1740
8635
7419
6954
6515
1373
6110
6369
4404
4800
9271
2231
3550
7305
3173
3023
6749
1168
2061
4776
9343
4701
7754
565
7241
2588
122
4895
7903
8967
4867
721
7602
3364
7675
5195
4738
3784
1563
9142
9663
833
2451
3212
8138
5624
7315
4887
7871
454
741
8292
5156
9575
8857
3475
2162
58
8370
1143
9025
4315
2943
6626
7680
1696
1821
3496
6559
3384
3716
6222
5297
6167
512
3434
2869
8906
9400
740
9361
141
110
5595
9716
8968
9070
2956
9026
8519
4100
8050
2833
8122
5755
1591
9819
8655
5087
6377
2038
9882
2598
7335
6048
4190
1848
8918
3095
1247
736
3534
2467
846
9129
3261
892
8199
6218
996
6717
1396
125
628
9518
5880
2220
9336
4534
8386
6792
7651
8268
468
6065
5394
4658
7913
5390
8833
238
7205
2366
3785
9131
1495
7046
22
772
3263
1019
7489
5738
1144
9196
5256
8103
1415
5670
2636
880
2461
1365
226
2930
7430
6699
8667
6421
2089
7499
7739
372
9866
1523
9503
2439
8569
9526
3211
2911
1623
1778
8649
3846
973
4983
1948
3468
653
5663
4348
4193
7028
5653
7123
5537
2351
6869
1957
5519
4367
774
5892
5311
2297
5394
7750
866
4919
2039
4856
7621
3817
3504
1466
4791
8488
4493
9338
219
1234
3685
4412
9342
416
2614
4878
2767
9483
7914
8287
4928
8689
5257
1318
985
650
146
2930
6649
2186
7786
4269
7082
2369
6815
2951
856
2386
2288
2154
3621
7052
6566
2962
7468
9180
8919
235
9741
7911
9601
4669
6599
4857
5987
8664
6586
6133
2672
3234
9398
458
8583
6480
3906
5397
9431
4762
8862
1719
6916
2482
8771
4560
6523
7318
4819
6520
7553
4559
4431
8232
306
1029
4167
7372
771
752
4584
3444
5066
3981
4981
3648
1539
8887
123
970
4727
8985
3768
2721
2546
3617
8360
9069
934
3178
6668
9566
7738
1098
7797
9123
3206
3042
6495
3978
4874
1078
8501
9940
6138
4560
3587
7678
3446
3710
8648
9252
2694
3494
3051
6319
7111
1410
5388
8046
4589
3134
7611
3405
4232
6487
2527
7438
607
100
2494
5481
2257
994
5420
8396
6633
85
6073
1157
3795
5799
408
7569
371
4538
3887
7482
5949
353
6606
1616
3487
5296
5021
8798
2861
8627
6236
3468
9807
8730
28
2063
803
5448
458
8515
6613
7610
9673
407
4487
80
9055
4858
4619
4021
3419
1646
4374
24
3262
8941
5320
9362
7738
8181
9067
5052
2728
8873
4861
2756
2015
5664
9283
3552
5257
5895
1162
4929
7382
6728
5010
6436
1586
707
456
5005
3432
5910
6108
7773
5929
2507
8213
3666
1766
8358
8719
4494
8310
3579
8329
324
321
7612
3876
5578
4585
6117
507
1966
2845
6596
9482
4431
8382
1016
514
2892
6926
7701
1743
3933
207
9956
7600
1974
8313
7397
7547
7701
2054
5876
8025
3454
3487
2980
9032
8072
9097
617
1117
1941
8292
598
7451
7752
1614
9044
1722
9620
6745
3465
3552
8031
3420
1151
4
2812
9627
7552
1591
1680
4506
9617
5134
7993
3675
5245
7143
2771
6941
8260
5792
6312
8858
3242
5142
1551
3365
6865
1170
1188
329
4722
9219
4829
6953
9224
8720
7658
7854
310
9339
2359
1005
5551
1430
4680
1874
9652
7452
8816
7912
3243
5127
7848
7564
268
477
2007
8212
1647
3195
8542
7449
2414
4449
5480
2716
4247
3137
569
4557
3554
4007
5563
184
6516
1321
2058
6167
9852
873
5157
4173
7079
4084
1737
8427
4561
3744
6638
7288
6940
6258
4736
432
1785
215
3148
6032
4431
4796
589
7986
9882
7231
8170
6397
9631
1306
3642
9483
2180
9879
3655
337
3962
6471
9843
9602
1294
7560
6889
9313
4896
2703
9745
6682
3997
2892
2713
8429
7688
4381
7493
8648
2690
6741
5044
2321
8047
9765
1803
1305
9643
6537
2722
3604
3008
2564
4285
5381
1202
1173
4693
6099
4956
4437
2780
8953
8408
6572
8460
7174
953
7031
5821
3643
3771
864
7043
2897
628
8846
4202
271
6462
8003
4954
9470
1646
9239
4850
2848
1491
621
8947
6447
5058
1726
6478
3465
8299
4938
638
330
1968
6459
5052
6819
8402
2095
9716
108
940
4996
1458
8481
2999
6413
9029
4645
6730
4957
8572
8221
5578
7519
5746
635
323
2224
5179
9701
8241
6896
30
208
4433
5083
8106
3913
7178
7821
4022
9197
3896
6559
7678
7974
4050
6706
3697
780
1663
2268
79
7241
9787
6905
8956
110
9129
5213
9811
7369
3188
920
8656
7621
7082
7841
2613
4259
6740
6635
4534
635
3193
2211
8609
8323
9997
3384
9103
2738
5653
260
1057
5439
7165
1091
6628
7372
6305
7518
5819
9493
9517
4475
8192
6598
3394
804
856
133
8518
6469
769
2790
8681
456
1112
9756
3841
1293
2493
9494
1553
3550
6011
9798
5721
3718
7169
2025
2314
2988
2596
1830
8542
1866
9507
1935
2671
362
2068
2267
7910
3916
5057
6590
4373
7248
7424
9293
8541
995
9865
1173
5625
5875
970
1345
671
8139
3370
4064
2205
7045
5894
746
8911
5400
3760
2660
6841
5829
6007
4751
9745
1063
2419
5196
9391
922
4488
7931
1917
4352
182
7542
1306
1152
8887
3056
370
3335
7121
2575
1458
4093
4401
1448
572
8161
4108
8492
5068
1193
4321
5892
2257
7820
1087
2726
8742
6655
1735
658
1006
1918
9280
3391
4149
9245
6448
4519
2580
4647
8174
5117
8740
2574
6565
390
1813
1752
8883
6882
2945
3203
2773
6281
1022
4939
9007
842
1593
742
2580
3679
3739
1859
8149
7888
2182
5675
2407
4762
321
580
958
140
4233
7523
530
6046
9275
491
4006
3299
4774
7858
9580
6875
2797
9666
7718
5469
407
297
226
5225
3235
9455
3112
6496
5129
6598
1258
6530
7178
3295
7749
2489
817
8279
8536
1171
9850
3620
4470
4623
1478
5128
1497
5354
4793
9215
822
6279
590
2128
1503
4904
1582
4616
1400
7790
1213
3737
4319
9471
7032
2067
3038
8928
1425
2652
98
1274
6273
5647
5897
7751
775
8473
3104
6647
8767
5005
2926
435
8212
4429
5340
9794
123
7819
7584
2416
2634
2981
2965
744
5049
6003
9672
6474
8656
849
8827
6007
7575
5802
3757
9429
4274
7940
6076
4119
4023
80
4555
2235
4509
9895
3107
5712
8792
690
8128
1425
3672
2171
3248
9800
8174
2919
7352
7908
4847
6178
3914
2422
3058
8750
2929
7332
7768
9005
1451
1791
9085
7085
5105
4673
6979
8212
384
6849
8903
9591
9353
3653
1761
2600
4531
1013
6598
1882
0
1445
8060
4993
4946
1117
3743
7875
9528
2589
7959
2057
4380
7043
9142
9485
2794
7199
7697
4257
5126
7678
4926
4478
2409
7766
8157
6940
8780
4755
8822
9859
6200
7960
4851
2224
155
9673
98
761
2262
8057
3898
7721
6179
4118
7206
8973
2396
5981
3230
7522
4737
8156
3079
7146
5922
1235
5164
5780
5990
3985
5638
3268
3023
1567
5492
3178
1240
5591
3939
3502
4726
8916
1222
904
3034
9507
956
5430
6566
5265
2951
2381
4499
7109
9527
420
8345
5769
7279
5413
9754
3995
8682
3855
5563
5252
7033
7882
842
2051
1383
6648
966
3684
8631
5079
4270
9587
508
1914
4851
4539
4296
9351
1647
4901
849
9992
670
9208
6484
1502
3202
5165
5358
9844
416
3469
7725
2338
6599
186
64
7566
3871
8695
2644
9220
8282
4232
1133
4211
8771
5429
3561
1496
330
5490
2567
1000
4697
9051
2502
8978
5294
8939
8822
5710
2408
6546
9127
9007
6733
9191
7651
1682
8965
1374
901
7246
5606
3113
2535
5455
8543
7176
6951
9952
2665
9518
951
8441
8568
4532
7418
3861
3471
6239
650
6958
2785
855
7043
596
1125
4694
2278
89
6068
4258
8414
2752
7371
948
9286
5913
8124
7315
5864
788
6833
7894
9229
6479
3505
7726
1419
8055
3964
3148
5012
6749
4003
2054
8424
6207
7827
701
6296
4973
4959
4709
7725
3409
5658
8089
400
4860
5404
7344
6728
3315
5237
7035
9794
9821
4760
2291
7875
8725
6518
2886
6552
1600
6020
4976
7807
3846
6756
4103
8820
2794
9891
7623
6203
6627
6791
7682
1487
2194
5025
9294
5509
262
6328
6381
82
1088
9752
9037
891
6269
3001
8522
7869
9021
4576
5676
3946
1332
857
3844
5205
1826
2545
2486
8454
9336
167
1019
2608
5193
312
9196
6534
7719
6656
7695
9886
6407
6731
776
3754
9733
9299
1623
9832
4953
8378
4856
6285
313
8700
2568
2139
2324
5054
1671
2738
5222
3769
5347
1493
4081
5621
8027
2879
2276
6800
2764
9762
3531
4620
3516
4342
4997
5139
4173
9950
4595
108
6235
5987
8808
8803
8126
2210
4936
876
4949
1236
4645
1374
2729
9806
6995
755
2684
350
7555
6527
111
2164
1146
3627
6506
6143
9845
1758
6093
5518
2945
3406
1504
1752
3287
709
5042
8223
2664
1069
9459
7309
2443
2187
8193
516
4021
876
866
2655
8483
2057
5898
9629
5684
3483
5772
6608
6320
1864
3204
9265
5270
4709
2095
8557
6497
7137
7859
9161
8206
7317
7548
1727
583
5741
2244
4604
7696
4189
8338
6178
6246
4236
5807
3009
7719
2657
695
4038
4521
3899
4381
869
9687
6476
504
6183
3613
8363
5343
2897
6759
3970
4625
7342
9711
6869
3024
7406
1057
1362
4663
8383
6677
469
2470
4395
4205
3165
9512
8726
7064
3892
673
6751
367
1177
4012
5059
619
9356
7957
7378
4404
2581
5798
4114
528
8822
2598
2664
183
7261
2125
7939
8809
4595
2333
3013
7760
2923
2817
4824
7894
4569
2653
9341
5747
6665
4399
7445
7099
3434
5901
1502
7094
1698
5616
7622
519
9294
1365
1782
7633
3490
799
7521
8086
3133
533
5845
7135
4430
1747
5029
8999
5479
4369
5824
2144
9847
4347
321
3281
247
1824
1453
3024
8519
154
4623
7812
1519
6405
6524
6088
7204
4044
4173
1415
5656
1097
9630
85
3923
5737
163
9403
105
5987
2625
1030
334
2946
5390
1660
5849
6844
4685
4368
6998
9308
3258
8517
6791
9782
4604
5073
4904
9857
7568
560
2032
7197
1724
5955
2933
1887
5357
4117
8954
9061
5147
366
2007
1616
2026
7856
8460
7790
3302
5457
7097
7640
5052
3887
7421
734
39
3404
1669
7607
3964
3701
4803
5688
9657
8815
8655
6092
2931
7608
5153
9157
7974
8239
772
1078
7173
310
8869
1554
6846
7044
9194
1897
2010
7693
3711
2049
1096
5380
9656
5060
160
5537
1827
9817
4351
481
6987
8361
8089
3218
8596
7141
2535
447
9298
9709
757
8166
1262
7604
5210
455
579
7220
9227
5369
347
323
1828
2
5383
1988
6618
8289
1804
2047
8770
9870
407
7937
3088
81
6156
5623
528
5454
6410
1286
4698
8751
9969
986
9206
1626
9285
9512
6996
9632
9835
8824
712
6296
811
7330
4585
3694
9377
4433
3563
862
2370
7730
944
8526
3353
1472
5058
841
3837
9757
9593
4884
742
9877
6511
27
9388
4585
737
9222
3408
1450
5518
5298
8780
1181
8992
8157
5614
3633
9019
7984
1363
1041
7589
5795
2514
2646
6636
7430
3481
6228
2314
4224
6105
8825
5330
5492
4488
6067
5793
7896
7517
2389
4272
7376
3570
4342
6611
9184
7975
6708
8247
416
7750
6914
7290
263
638
5005
8772
4120
1232
1085
9423
8416
988
5831
4987
5476
2976
1858
4450
1572
4247
8722
8948
7817
3063
5558
8079
2117
3344
6325
3612
1093
4317
902
2435
4956
5907
1207
154
8218
3371
655
7713
4360
6486
2699
914
9462
4557
6444
1033
9883
5165
1059
7699
9308
6617
5777
2503
9962
3181
6115
2133
7498
8096
4569
2453
5081
6855
3686
3299
225
4341
2090
5664
826
5868
6579
1367
1503
4101
2400
1385
9266
3460
9084
9652
1155
5939
2154
2195
9120
9349
5408
6618
8523
9977
9071
3604
6831
2757
7982
8135
7098
71
3799
9004
5939
1456
370
7442
5557
3849
9906
5901
7309
8989
5553
9544
4927
8786
2817
4047
9213
8225
1743
7736
8201
813
1339
6110
4649
9321
5324
2826
470
9123
2908
7488
1657
3278
6008
7214
7127
5913
4193
5515
5980
824
6137
906
9611
8954
6032
8823
7179
7775
6558
6458
9668
8976
3647
5395
8296
8971
9300
8766
9172
2207
7332
828
5485
3339
9121
3691
9252
3313
284
5231
4138
6421
7217
4827
5374
3248
3649
3631
2102
1286
89
2848
261
4815
8243
9637
4864
7543
9481
4035
9750
6813
5942
6314
151
5062
1083
9404
9454
1367
4634
4670
7788
2929
9497
4240
6178
4225
7872
9359
6590
9040
2206
6851
3854
1527
7566
9797
9070
7047
3831
9899
3859
9773
7291
4010
5913
8374
4492
6445
819
205
1115
8607
3134
1690
2846
390
6994
1796
9749
3583
835
1954
1513
5768
3482
9079
5564
3630
6125
473
4607
9984
1324
1897
5073
8316
1349
9565
4761
2168
9770
6955
1853
2904
8645
5779
3294
6718
7575
4122
300
9490
6076
1813
6336
636
1971
2979
5346
8096
3452
9953
9159
4777
2929
4231
3092
4278
4874
8932
6447
4644
5886
9379
8627
5610
5157
1920
3406
3811
6042
3706
3300
3197
6599
9636
4912
8570
2614
1336
7744
7146
2368
6902
3001
5297
2211
7172
9575
7086
6104
7100
2808
3068
6479
1434
9757
2714
3354
3162
6525
475
7948
9825
4751
5625
539
9663
5273
4232
999
3016
1377
3367
997
4378
9743
4287
1550
9317
1372
8733
7496
4180
1800
5053
6693
2636
7767
47
6877
5371
1601
4824
5195
6352
1527
6813
6014
6800
1045
8092
895
3501
2537
1892
7880
2279
7258
508
2675
9710
319
1249
4968
3198
7381
1661
5834
5147
1708
2711
1596
4388
8614
7871
739
141
4683
7832
8020
6807
5924
8915
308
9540
1885
9267
2898
9144
853
5573
8853
1172
7901
3820
4370
5281
6560
1283
1506
8268
3994
3103
2655
3686
973
4473
4906
6735
2305
2926
3542
9308
1840
4929
8847
4805
4195
1744
3948
5048
8396
3879
7299
6296
8778
1668
2655
5338
2951
4162
4684
8024
8344
8419
2789
9317
2891
7695
6051
5196
1699
671
4503
4619
5600
4429
9424
9795
6173
4450
5921
4569
9408
4298
1943
8185
7046
4599
3522
1075
9840
9286
9100
8183
7704
2967
8578
1673
1740
4628
7949
4519
6379
2451
9138
1978
7959
8561
2852
4132
4089
9852
9780
3496
4150
2801
1680
1195
8479
6282
2270
8318
6646
2448
6500
5428
6494
5077
7101
8235
784
5049
2753
7163
8580
2969
9141
6538
2608
1992
1748
6697
2923
2606
192
7073
5408
2951
8268
3886
311
1616
2204
6957
4065
9783
3463
558
5939
564
9872
6723
6692
3703
4964
5271
6672
5183
2888
9280
8255
4636
5976
1177
7243
7247
8250
3729
1277
7596
8694
2667
9212
1976
703
4355
1759
4166
5993
8777
4730
5864
6578
1422
9568
1541
7772
7318
6724
659
6598
4978
6375
3652
7234
4696
899
5483
8425
2176
4157
7118
5922
3369
9095
6625
8803
1932
791
4795
708
5521
1738
7286
8022
2384
9906
5794
9702
6629
7532
6299
2686
3906
9952
9920
8602
1929
6482
8105
5184
638
6302
1105
5086
5396
7731
3889
8407
8522
9763
193
5121
1500
7479
4222
3884
8463
1094
4665
5091
8626
2042
8856
3611
3072
9855
2212
5001
6336
1396
184
8053
7698
2369
3139
4172
99
7028
2578
9700
6790
2771
5899
9370
1328
1199
4332
9791
2293
8997
5960
1998
2118
5895
5609
5190
5749
8900
191
3163
295
1454
1215
7993
3823
4354
3243
5001
2460
6900
5779
329
749
1678
9699
2077
2877
4030
2946
6250
4106
9986
8248
6224
5880
3856
1413
2707
2755
2683
5870
4130
4138
7085
3201
9040
2518
6445
4041
4978
3344
9820
5307
4094
2576
6084
7250
6533
114
1275
2782
5299
1260
1029
2601
8219
5964
4014
925
9798
7777
7874
3927
1914
6037
7129
953
8555
3573
6073
4612
7996
6972
9919
2089
9548
6003
418
7159
7196
1693
9941
2494
4032
2048
6174
2250
9091
187
4254
8889
7964
2127
2815
956
8164
9944
2989
7798
4595
140
2409
3670
7112
3406
5759
7739
9409
7256
4897
7683
27
5917
1255
4059
9044
7429
6309
8135
8696
1641
7023
7738
3768
916
8695
3011
1939
2762
808
6534
2902
3217
1282
14
6623
7042
7753
7111
5376
3728
5872
5404
9645
7128
9463
8689
4556
6851
6823
4330
8492
4924
2068
2260
5840
1841
6350
7779
5682
7158
5392
8584
1453
6674
9677
9155
4794
8508
7344
1249
2236
3216
6653
1880
343
7194
568
5978
4044
8470
1387
3615
3393
3455
6954
312
6375
3303
9170
2056
1539
4561
1718
2992
2314
1395
3225
8187
9903
569
514
2138
3785
7167
5098
5207
5440
5666
2263
562
5215
3650
4177
8608
8184
1130
8920
4558
5512
8090
7693
7051
3729
9412
1121
7122
806
4347
6388
1787
4916
6902
5005
9780
5148
102
4986
1666
6847
7249
2228
2061
1978
6406
1748
161
8615
1746
5799
4127
914
3491
2256
5723
2902
3378
3923
4787
7725
310
6575
2640
8292
1579
2419
4518
2760
8484
6184
9607
6811
9491
2747
8789
6975
4495
29
5590
7320
5828
795
8235
9319
3051
3957
3300
6429
8959
8087
5232
348
4661
7872
8640
7319
1369
4236
78
931
1498
764
7743
988
3511
7610
7964
9085
7639
4632
6404
3466
6506
5717
3864
9557
752
8243
7065
9712
6329
2296
59
2069
1247
9778
9388
3695
5092
9467
4627
6590
230
2369
8657
4820
9979
7699
4983
8697
3409
1386
3241
9915
8183
7105
550
13
6426
7615
9725
2755
989
862
4824
2236
1718
5290
5932
6810
4756
1637
4478
6065
4006
4214
1963
5063
2991
6946
3759
6401
9412
7001
7394
7594
5184
7944
7607
2689
5558
8411
5444
7627
351
1346
9863
2070
6636
6873
9959
1392
8510
4437
8536
3594
9730
1578
8658
2720
8524
3495
199
7935
1574
7594
6607
7838
5537
5293
526
2174
4782
7049
9801
5133
8395
741
7203
5030
7615
7162
7501
7203
2677
6037
797
3485
7615
533
6205
7217
4028
7484
6231
6682
5077
2837
5598
613
9209
6124
3866
3990
3172
3666
9124
1566
5487
7405
7675
3101
5645
5176
1382
9401
2291
2179
2885
984
2712
169
8201
7820
7653
4431
5580
2729
8348
1177
4421
8635
7301
8288
3704
1551
3032
3906
4196
8519
1310
1870
2698
8035
7046
4081
7435
9337
7339
1399
320
1130
1568
9601
28
9221
5110
5608
3028
4536
6785
8528
3171
5164
6815
6875
6715
926
780
910
523
3169
2780
4301
1203
905
9461
9718
1320
6799
1116
1641
9008
2684
2320
9036
2983
7430
4643
7090
1966
2506
5617
6216
7670
3511
3090
4384
4437
4949
6373
6039
8118
232
339
400
2216
878
117
3536
7678
1233
5177
7764
4996
8576
6800
9058
6006
2521
6147
9051
5028
2842
5266
2697
6353
9435
8161
1868
5462
5612
8987
3579
5844
9326
3979
8060
204
5175
2675
8961
7487
7852
6724
2482
7507
4602
2618
3512
7124
9844
3641
2151
2686
9986
5927
117
9420
4087
3065
4881
9700
2051
9539
6622
2455
4597
5761
3738
9772
8436
3777
7259
7366
1580
819
4872
6182
3438
9463
3305
4360
4182
6535
7046
4167
2462
8243
4665
7628
1307
624
7327
4437
163
5028
6892
5839
788
630
6689
9224
4407
3947
7668
5987
5846
2540
3248
362
3081
7632
4722
7264
4167
1768
1430
7708
1089
6096
5335
3475
7799
3741
7912
7962
8769
4803
4879
9557
6512
1568
9859
1998
6594
7526
9064
2439
65
2311
2801
4226
1022
7524
1489
6268
370
2919
3975
2538
93
388
6013
7893
4129
3924
6933
2897
9806
1812
2453
7397
4459
3390
9395
1052
916
8458
3492
2060
1848
7372
6286
3949
5974
7775
216
7423
1773
4191
9961
1866
5658
7052
837
9788
975
7771
2684
1860
661
6217
9257
5120
685
8651
6172
1601
8187
742
4741
1113
9194
1026
5062
6246
9881
5278
3669
1653
547
4708
4598
7285
2839
6515
7072
3814
4285
834
6753
6025
8130
6009
1144
8816
5738
8395
1495
3925
216
6236
6117
488
8342
2258
6734
8222
8615
1481
953
241
7269
6630
7526
107
3144
4597
5000
8508
6510
1753
4532
4640
7762
6755
4534
3500
6229
6029
8504
6445
2265
5699
8012
606
7957
4745
9907
6572
7306
1938
6813
4574
8568
4338
4681
1712
13
9681
219
6523
1433
5831
2241
274
2585
6775
4853
8814
3883
3356
6337
6148
9055
4348
7833
8091
172
8818
4662
7478
755
1474
2051
9323
6891
7811
2113
7983
7491
2333
5584
3
9243
7826
1356
1827
5679
6209
1720
9562
643
9136
6788
776
3484
4620
8867
4735
3437
3528
2212
5271
6081
5342
4594
4050
3152
6707
2032
642
118
7617
1724
9361
6521
3080
2267
2199
367
5066
1761
1010
5280
8549
1787
9843
4248
1732
4577
8764
5261
6789
4035
2420
2130
9708
6471
5282
6414
9582
7004
7612
7198
9807
8051
4797
3966
1396
6997
4333
6462
9837
6423
1742
9464
9289
1584
3711
1020
7241
3554
6281
4029
7589
9781
7239
8375
7330
3599
5867
6911
1681
3478
5188
1488
1529
9985
6533
4004
8060
865
466
7896
8367
3287
7360
7655
5950
2149
8676
3190
5703
4956
8299
4370
5815
6616
2744
3144
214
8612
55
1896
2089
6322
4463
4697
6306
995
8702
4366
2939
246
3340
1306
4612
699
8961
1640
2849
7636
5910
9631
3671
5287
4001
9486
1902
7824
2630
3195
6435
3764
5091
9604
85
632
5379
6391
1627
5159
1835
4567
6484
5176
5873
2174
6954
5912
3815
881
3548
803
512
7219
7169
5592
6704
9071
3415
9334
3344
9851
3097
8436
532
4261
146
5911
652
1774
2149
3566
7420
8633
9821
4371
807
7854
282
5701
8735
3830
6504
325
1048
4751
5917
8832
3821
411
9244
7165
1340
3420
6679
1872
7681
6826
8862
9412
9679
1010
4057
7098
722
4956
1468
1529
2809
2829
7230
2623
6660
4812
2948
8787
9563
9945
8697
4462
355
7941
2705
2774
2439
463
5725
1198
8368
4586
610
8046
6676
5746
6222
7398
701
8769
8927
3511
1597
7235
6134
8257
3125
160
8123
3766
104
6819
9307
1538
5838
3090
4312
8277
3553
36
9476
1920
5702
1164
1044
2377
6910
7266
853
7611
6034
858
2200
8711
9172
8334
8046
2296
8495
6168
7141
9678
4066
7526
1216
9904
615
6607
9260
4169
7723
8735
7168
3424
977
8213
6880
7887
6557
7733
6576
3670
8591
8777
2380
8841
7110
425
1136
6683
7673
9356
6361
1738
6881
7577
1641
8575
5262
1979
2743
2984
1792
990
7487
2769
9203
4366
1734
6838
3177
8311
507
2846
7087
2887
1686
5275
4392
3901
3037
2064
3256
9398
3802
1215
8053
6522
9791
3314
8502
3612
7378
1372
4602
4864
4142
4883
9231
5876
1721
2407
4186
2228
5254
2351
6195
6940
8706
1665
841
1742
3729
5176
1139
8610
7471
270
6210
7261
3584
5790
1951
961
7163
7633
5826
1304
2515
6135
8259
5315
9621
2445
8623
4874
5875
4817
2893
4580
6482
4813
7401
1289
1067
8540
977
8538
8810
7187
6877
3473
4056
9908
5513
1218
7540
1338
3601
54
8552
1859
5370
8173
5383
5071
4125
2337
9888
8097
6917
7448
2909
5397
9816
5056
3936
792
4672
3825
9058
1549
8377
3113
1456
3889
5410
8996
6307
89
128
4858
1949
6577
4109
8411
1647
8235
747
2613
6331
8744
1139
319
4140
954
5375
9155
2825
46
4058
2962
2674
2434
7154
4130
7403
3643
4204
3709
3732
5412
9646
6760
1988
4834
5171
4715
3068
6997
7328
477
5740
8468
796
958
500
7250
113
4405
7297
4171
7367
1049
7685
5599
6259
5087
9242
1541
9875
2974
6953
598
812
20
5432
7062
4735
8500
4059
2062
56
877
1608
852
2915
3188
8103
3028
7593
6478
8278
6038
7527
7041
1636
4864
2127
878
6406
3080
4931
3358
3679
6822
3378
189
3884
8113
9769
9022
1254
9825
977
3941
676
3892
7129
9858
7999
4721
7414
7356
1837
6020
4396
3474
883
7603
5431
7289
682
1440
1726
5440
8262
5104
5630
2145
4296
6477
2245
6629
6301
3223
569
8056
7115
7699
7914
5114
3498
6406
2469
6415
2425
7944
9889
4388
5546
6398
1676
7308
8917
4481
3826
7178
664
534
402
4960
7011
2647
2667
3311
5870
3236
2446
4064
2013
1438
256
6591
7844
3804
3005
1348
1747
3972
5736
8373
369
8491
6759
9286
2972
584
7542
3636
2198
9023
9675
9209
1670
2341
3599
8619
6656
6045
2682
8670
8562
4017
5260
6405
7821
8265
7753
9569
2236
4567
9020
3684
3058
5778
4048
7109
7441
2668
744
9639
1691
1497
9927
3361
3838
4604
3058
493
1727
6820
241
288
836
5501
7772
8658
4844
5525
9305
8159
91
8324
1842
4228
5180
6969
1336
2620
9638
3159
3338
1328
4656
4343
5768
9573
25
9905
1145
1752
6724
1386
3119
8640
7967
890
8376
2810
7494
7680
969
8665
7082
3890
2892
2261
1938
5308
5960
1575
8467
376
3982
4202
5798
828
3774
5823
732
4919
7575
8536
7385
1772
7175
5351
2663
5550
9240
1235
4308
208
9900
2468
5178
3871
5808
7116
9179
1767
9770
8724
3223
3751
2925
9021
5658
6700
4844
6390
2697
3497
6004
1160
6349
4257
6511
9012
9807
6830
1325
5193
8117
1225
7661
3294
6175
3468
1488
5353
6315
1257
4076
616
6087
8081
715
1744
5859
6638
9214
9635
1214
5217
795
7563
9475
8385
7653
359
5214
8978
6632
3331
202
5371
7704
6377
9919
9193
2808
6233
1528
7964
7928
7616
6044
8643
438
1902
5281
730
1536
6495
7027
3410
4057
6501
1795
1709
7939
8088
686
5649
1418
1968
1020
9123
9424
938
8315
3311
8250
9843
1274
6177
8537
8397
4819
54
1377
1178
784
2913
8752
7811
6324
2808
5390
9198
5596
3329
7285
7362
56
9783
408
1076
8905
910
3093
8298
4221
1342
9219
6574
7519
8835
4970
3417
8889
6347
5674
9673
339
4426
7484
7742
8313
3952
8018
3909
8360
5302
2349
8417
5084
2757
9493
5067
3667
2586
4443
7889
5007
3662
5541
3605
3575
511
8101
2463
7937
3774
3214
9355
9279
1776
7096
7592
5729
5113
1500
4088
1494
3849
2504
7657
7685
3076
2724
1351
6741
7167
