38
145
787
991
887
568
88
754
130
867
973
693
582
621
490
623
709
215
434
528
803
827
786
61
49
970
143
360
55
233
987
784
379
773
464
956
31
552
709
161
108
682
544
691
993
724
3
391
939
437
919
431
954
394
493
2
364
326
363
109
250
349
583
629
813
738
584
844
289
984
695
88
665
238
779
657
962
472
47
590
909
656
20
862
740
203
554
103
220
917
903
470
957
176
789
769
914
62
302
893
45
997
981
400
925
759
747
886
921
484
165
519
139
185
380
880
79
625
673
299
231
266
459
187
132
938
646
45
1000
638
628
736
634
609
826
558
57
573
133
979
56
298
497
887
174
568
456
944
192
819
933
113
775
391
992
907
18
637
642
17
275
270
443
599
569
269
848
626
532
671
294
278
660
482
855
524
49
0
467
932
820
399
44
594
480
35
191
498
363
523
515
328
793
649
927
361
608
464
678
830
135
662
107
795
143
963
318
192
963
785
814
472
874
549
757
353
584
638
851
637
160
55
965
954
704
582
4
1
45
372
831
871
34
939
355
177
591
363
370
243
838
874
406
711
422
162
63
697
800
914
333
960
660
989
603
53
570
298
55
305
670
886
867
704
514
221
882
795
585
942
729
422
815
134
133
928
987
887
624
476
491
957
435
150
945
729
203
204
26
949
200
386
835
66
90
38
287
662
834
562
293
562
985
798
386
808
725
372
694
348
848
184
996
973
24
940
701
228
835
417
176
34
804
701
100
584
430
77
936
263
640
228
515
314
716
591
121
131
963
505
479
500
380
164
472
404
795
864
322
629
971
189
353
464
580
143
47
9
220
673
963
550
591
167
554
307
758
675
438
410
871
607
910
250
772
72
344
566
626
667
885
596
546
237
751
125
70
488
826
981
161
788
221
752
646
775
749
403
140
877
504
10
484
103
951
946
175
294
201
491
651
776
87
887
12
528
12
773
15
528
753
176
5
974
929
651
749
367
745
889
244
248
589
418
351
539
363
217
523
254
708
174
29
485
60
732
12
763
504
28
981
256
204
987
921
823
327
669
881
71
247
124
9
526
542
51
755
905
959
277
158
666
141
878
842
893
609
544
345
112
572
326
58
467
2
979
980
329
337
860
91
274
984
791
800
215
532
244
119
490
522
968
847
663
535
688
245
143
231
591
946
494
607
4
651
609
673
630
628
701
490
719
975
163
200
465
379
732
709
188
913
921
847
759
274
381
136
519
215
57
109
160
551
716
855
201
14
528
522
643
919
702
51
583
865
942
47
934
674
447
813
276
367
659
34
641
730
861
851
945
918
650
796
159
366
650
50
70
868
572
403
476
273
455
59
829
86
797
762
760
243
264
35
301
923
760
632
343
620
482
978
228
132
463
387
188
804
437
258
671
700
662
838
973
807
897
491
893
693
944
343
627
207
68
928
821
519
559
163
138
732
831
56
864
294
443
742
97
571
690
458
270
41
295
242
848
191
734
431
575
367
464
201
574
532
128
394
741
377
247
570
108
78
626
662
62
69
403
159
640
93
307
600
134
603
842
673
484
265
794
749
322
257
950
897
479
768
981
220
145
228
790
944
997
105
606
749
174
699
908
504
482
905
794
307
197
636
980
682
591
463
120
914
720
70
500
889
838
480
108
673
398
588
617
394
694
913
833
558
301
430
753
784
335
546
90
532
872
760
904
153
222
24
757
632
785
947
520
622
426
319
986
515
597
292
599
981
895
432
229
195
862
982
669
196
217
449
729
780
899
322
623
811
36
379
442
821
325
653
133
441
662
118
956
258
410
555
930
304
987
158
189
538
830
859
735
46
998
153
516
897
165
138
707
202
207
149
22
222
492
155
354
153
964
309
101
63
554
30
57
230
879
247
769
708
796
193
445
793
346
961
689
511
790
396
403
687
235
426
910
727
271
263
570
235
262
361
989
507
82
46
737
961
984
195
359
779
388
804
261
424
454
951
626
934
36
28
621
962
144
220
378
416
483
948
341
435
999
329
942
80
65
369
732
48
254
90
827
333
584
779
447
728
729
72
662
455
792
282
416
936
192
794
41
675
431
382
800
429
402
432
200
467
801
622
516
745
402
32
77
986
811
525
713
229
287
64
684
78
36
790
705
228
583
746
593
704
819
393
824
220
825
714
687
315
335
893
59
737
926
828
412
736
42
815
966
329
880
339
98
916
129
803
835
402
238
427
106
56
510
620
276
24
333
654
339
358
546
89
785
471
917
196
898
959
10
553
978
580
582
75
186
711
568
20
804
807
137
600
553
